k1,k2,k3,t1,t2,t3,loop,cost,accuracy
-1,-1,0,0,0,0,0,0.3374994782608696,61.73913043478261
-1,-1,3,0,0,2,9,1.1347236000000003,59.73913043478261
-1,-1,3,0,0,4,9,1.3912631478260868,62.34782608695652
-1,-1,5,0,0,2,9,1.8914269043478265,62.43478260869566
-1,-1,5,0,0,4,9,2.3191310086956523,65.73913043478261
-1,-1,10,0,0,2,9,3.775733426086957,64.08695652173913
-1,-1,10,0,0,4,9,4.620615391304349,67.04347826086956
-1,0,-1,0,0,0,0,0.05842313043478263,34.78260869565217
-1,1,0,0,2,0,0,0.2775993043478261,56.52173913043478
-1,1,0,0,4,0,0,0.3026591304347825,60.86956521739131
-1,1,3,0,2,2,9,0.7339286782608695,57.21739130434782
-1,1,3,0,2,4,9,0.8901337739130435,57.739130434782616
-1,1,3,0,4,2,9,0.8122052695652174,60.0
-1,1,3,0,4,4,9,0.9814482608695653,61.73913043478261
-1,1,5,0,2,2,9,1.1765090260869566,59.56521739130435
-1,1,5,0,2,4,9,1.439848191304348,60.95652173913043
-1,1,5,0,4,2,9,1.3037008,62.34782608695652
-1,1,5,0,4,4,9,1.588915547826087,65.21739130434783
-1,1,10,0,2,2,9,2.2766762260869564,61.21739130434782
-1,1,10,0,2,4,9,2.793719495652174,62.0
-1,1,10,0,4,2,9,2.5251611304347823,64.0
-1,1,10,0,4,4,9,3.0890784869565215,66.43478260869566
-1,3,-1,0,2,0,9,0.20454290434782607,42.260869565217384
-1,3,-1,0,4,0,9,0.2240162260869565,42.95652173913044
-1,3,0,0,2,0,9,0.4411284347826086,58.08695652173913
-1,3,0,0,4,0,9,0.4751284869565217,63.043478260869556
-1,3,3,0,2,2,9,0.9789457913043479,57.21739130434782
-1,3,3,0,2,4,9,1.1620391826086958,58.26086956521739
-1,3,3,0,4,2,9,1.0528069739130435,60.608695652173914
-1,3,3,0,4,4,9,1.2487733391304348,62.60869565217392
-1,3,5,0,2,2,9,1.4995008347826089,59.652173913043484
-1,3,5,0,2,4,9,1.8059224000000003,61.13043478260869
-1,3,5,0,4,2,9,1.6090895130434784,62.78260869565217
-1,3,5,0,4,4,9,1.9370643826086957,65.56521739130436
-1,3,10,0,2,2,9,2.790576295652174,61.21739130434782
-1,3,10,0,2,4,9,3.391504208695652,62.26086956521739
-1,3,10,0,4,2,9,2.9892227130434783,64.17391304347827
-1,3,10,0,4,4,9,3.633245130434782,66.52173913043478
-1,5,-1,0,2,0,9,0.33923239999999993,46.0
-1,5,-1,0,4,0,9,0.37200257391304353,47.73913043478261
-1,5,0,0,2,0,9,0.5915641739130436,58.52173913043478
-1,5,0,0,4,0,9,0.6293818608695654,62.43478260869566
-1,5,3,0,2,2,9,1.180684295652174,57.21739130434782
-1,5,3,0,2,4,9,1.3763722608695652,58.17391304347825
-1,5,3,0,4,2,9,1.2284986608695654,60.34782608695652
-1,5,3,0,4,4,9,1.4303991826086957,61.91304347826087
-1,5,5,0,2,2,9,1.7414878086956522,59.73913043478261
-1,5,5,0,2,4,9,2.0698530434782607,61.478260869565226
-1,5,5,0,4,2,9,1.801834713043478,62.52173913043478
-1,5,5,0,4,4,9,2.139577791304348,64.95652173913044
-1,5,10,0,2,2,9,3.1410923652173914,61.30434782608696
-1,5,10,0,2,4,9,3.7866278260869572,62.78260869565217
-1,5,10,0,4,2,9,3.2290871130434784,64.0
-1,5,10,0,4,4,9,3.8923978086956526,66.17391304347827
-1,10,-1,0,2,0,9,0.6771324695652173,50.26086956521739
-1,10,-1,0,4,0,9,0.7455567826086956,53.47826086956522
-1,10,0,0,2,0,9,0.9144003826086958,58.17391304347825
-1,10,0,0,4,0,9,0.9939728000000003,62.60869565217392
-1,10,3,0,2,2,9,1.468007860869565,57.30434782608695
-1,10,3,0,2,4,9,1.6528004,58.608695652173914
-1,10,3,0,4,2,9,1.5676235652173913,61.30434782608696
-1,10,3,0,4,4,9,1.7646384695652173,62.78260869565217
-1,10,5,0,2,2,9,1.9962869913043477,59.478260869565226
-1,10,5,0,2,4,9,2.3066485217391306,61.30434782608696
-1,10,5,0,4,2,9,2.115914208695652,63.04347826086957
-1,10,5,0,4,4,9,2.445026886956522,65.13043478260869
-1,10,10,0,2,2,9,3.312777043478261,61.04347826086956
-1,10,10,0,2,4,9,3.923448956521739,62.78260869565217
-1,10,10,0,4,2,9,3.4856860869565223,64.6086956521739
-1,10,10,0,4,4,9,4.133807339130435,66.34782608695653
0,-1,-1,0,0,0,0,0.03051608695652173,22.608695652173914
1,-1,0,2,0,0,0,0.03602130434782608,22.608695652173914
1,-1,0,4,0,0,0,0.038753565217391296,22.608695652173914
1,-1,3,2,0,2,9,0.8403310086956522,58.69565217391305
1,-1,3,2,0,4,9,1.0316765391304348,59.73913043478261
1,-1,3,4,0,2,9,0.9615996347826088,60.78260869565217
1,-1,3,4,0,4,9,1.1729869391304346,63.30434782608696
1,-1,5,2,0,2,9,1.374167547826087,60.608695652173914
1,-1,5,2,0,4,9,1.6934635999999998,62.17391304347826
1,-1,5,4,0,2,9,1.5748316173913044,62.8695652173913
1,-1,5,4,0,4,9,1.9274948173913042,65.99999999999999
1,-1,10,2,0,2,9,2.714836034782609,62.0
1,-1,10,2,0,4,9,3.3440956869565217,62.95652173913043
1,-1,10,4,0,2,9,3.110166765217391,64.43478260869566
1,-1,10,4,0,4,9,3.8064557565217396,67.30434782608695
1,0,-1,2,0,0,0,0.07943678260869565,38.26086956521739
1,0,-1,4,0,0,0,0.08786417391304349,39.130434782608695
1,1,-1,2,2,0,0,0.08880582608695654,38.26086956521739
1,1,-1,2,4,0,0,0.09300878260869565,38.26086956521739
1,1,-1,4,2,0,0,0.09803582608695648,39.130434782608695
1,1,-1,4,4,0,0,0.10310695652173914,39.130434782608695
1,1,0,2,2,0,0,0.26610426086956523,55.65217391304348
1,1,0,2,4,0,0,0.2785079130434782,58.26086956521739
1,1,0,4,2,0,0,0.29479199999999994,58.26086956521739
1,1,0,4,4,0,0,0.31693026086956533,61.73913043478261
1,1,3,2,2,2,9,0.6538640173913043,56.95652173913043
1,1,3,2,2,4,9,0.7924966260869567,57.04347826086956
1,1,3,2,4,2,9,0.6849507304347826,58.69565217391305
1,1,3,2,4,4,9,0.8287140695652174,59.39130434782609
1,1,3,4,2,2,9,0.7249865739130434,59.13043478260869
1,1,3,4,2,4,9,0.8735946782608695,59.652173913043484
1,1,3,4,4,2,9,0.7935041565217391,61.21739130434782
1,1,3,4,4,4,9,0.9536961217391305,62.95652173913043
1,1,5,2,2,2,9,1.030867547826087,58.69565217391305
1,1,5,2,2,4,9,1.2631393913043478,59.47826086956521
1,1,5,2,4,2,9,1.0803634608695654,60.434782608695656
1,1,5,2,4,4,9,1.321329252173913,62.0
1,1,5,4,2,2,9,1.143256852173913,61.04347826086956
1,1,5,4,2,4,9,1.3920193565217394,62.34782608695652
1,1,5,4,4,2,9,1.2542153043478261,63.13043478260869
1,1,5,4,4,4,9,1.5224521913043478,65.82608695652173
1,1,10,2,2,2,9,1.9679558956521734,60.17391304347826
1,1,10,2,2,4,9,2.4234016521739132,60.34782608695652
1,1,10,2,4,2,9,2.063782713043478,61.91304347826087
1,1,10,2,4,4,9,2.539474504347826,62.8695652173913
1,1,10,4,2,2,9,2.182344,62.69565217391304
1,1,10,4,2,4,9,2.6707075304347825,63.47826086956522
1,1,10,4,4,2,9,2.399560469565217,64.78260869565217
1,1,10,4,4,4,9,2.9299790434782604,67.21739130434783
1,3,-1,2,2,0,9,0.18347612173913042,44.173913043478265
1,3,-1,2,4,0,9,0.19650596521739128,44.60869565217392
1,3,-1,4,2,0,9,0.20808116521739128,45.130434782608695
1,3,-1,4,4,0,9,0.22393596521739126,45.73913043478261
1,3,0,2,2,0,9,0.38212359999999995,56.086956521739125
1,3,0,2,4,0,9,0.4013629739130434,59.478260869565226
1,3,0,4,2,0,9,0.4268899478260868,58.26086956521739
1,3,0,4,4,0,9,0.45678125217391297,62.95652173913043
1,3,3,2,2,2,9,0.8317274956521737,56.69565217391305
1,3,3,2,2,4,9,0.9911720173913042,57.21739130434782
1,3,3,2,4,2,9,0.8614643652173912,59.13043478260869
1,3,3,2,4,4,9,1.0259079826086956,59.73913043478261
1,3,3,4,2,2,9,0.920435652173913,58.52173913043479
1,3,3,4,2,4,9,1.0895228,59.478260869565226
1,3,3,4,4,2,9,0.9871332521739131,61.65217391304347
1,3,3,4,4,4,9,1.1683731652173912,63.56521739130435
1,3,5,2,2,2,9,1.2647302782608698,58.69565217391305
1,3,5,2,2,4,9,1.5313255130434784,59.56521739130435
1,3,5,2,4,2,9,1.3059950260869564,60.95652173913043
1,3,5,2,4,4,9,1.5810935652173914,62.26086956521739
1,3,5,4,2,2,9,1.3972228869565217,60.69565217391304
1,3,5,4,2,4,9,1.6798609217391307,62.086956521739125
1,3,5,4,4,2,9,1.4973088173913043,63.65217391304348
1,3,5,4,4,4,9,1.8003744521739133,66.34782608695653
1,3,10,2,2,2,9,2.346394469565217,60.08695652173913
1,3,10,2,2,4,9,2.8699877043478264,60.26086956521739
1,3,10,2,4,2,9,2.417145408695652,62.17391304347826
1,3,10,2,4,4,9,2.957633286956522,62.8695652173913
1,3,10,4,2,2,9,2.5849877391304346,62.26086956521739
1,3,10,4,2,4,9,3.140569739130435,63.13043478260869
1,3,10,4,4,2,9,2.768949234782609,65.04347826086956
1,3,10,4,4,4,9,3.3654953739130433,67.30434782608697
1,5,-1,2,2,0,9,0.28027253913043476,47.47826086956522
1,5,-1,2,4,0,9,0.30243335652173914,48.434782608695656
1,5,-1,4,2,0,9,0.31903017391304345,48.434782608695656
1,5,-1,4,4,0,9,0.3459238956521739,50.0
1,5,0,2,2,0,9,0.4883598956521739,56.52173913043479
1,5,0,2,4,0,9,0.5114860347826088,59.13043478260869
1,5,0,4,2,0,9,0.5507225217391304,58.95652173913043
1,5,0,4,4,0,9,0.5831751652173913,62.60869565217392
1,5,3,2,2,2,9,0.9695848869565218,57.04347826086956
1,5,3,2,2,4,9,1.1365961391304347,57.391304347826086
1,5,3,2,4,2,9,0.9888149391304347,59.04347826086956
1,5,3,2,4,4,9,1.1577719652173917,59.652173913043484
1,5,3,4,2,2,9,1.087231095652174,58.869565217391305
1,5,3,4,2,4,9,1.2663315652173914,59.73913043478261
1,5,3,4,4,2,9,1.1295003652173912,61.73913043478261
1,5,3,4,4,4,9,1.314755895652174,63.21739130434783
1,5,5,2,2,2,9,1.4262592347826086,58.869565217391305
1,5,5,2,2,4,9,1.7064900173913045,59.82608695652174
1,5,5,2,4,2,9,1.446651304347826,60.608695652173914
1,5,5,2,4,4,9,1.7292121739130435,61.91304347826087
1,5,5,4,2,2,9,1.5961765565217392,60.86956521739131
1,5,5,4,2,4,9,1.8964430608695648,62.43478260869565
1,5,5,4,4,2,9,1.6515911478260872,63.47826086956522
1,5,5,4,4,4,9,1.9612370086956523,65.73913043478261
1,5,10,2,2,2,9,2.5741917043478257,60.26086956521739
1,5,10,2,2,4,9,3.1257732173913046,60.608695652173914
1,5,10,2,4,2,9,2.5936729217391306,61.91304347826087
1,5,10,2,4,4,9,3.148825217391304,62.60869565217392
1,5,10,4,2,2,9,2.8729507304347828,62.43478260869565
1,5,10,4,2,4,9,3.464606713043479,63.73913043478261
1,5,10,4,4,2,9,2.9573476695652174,64.95652173913044
1,5,10,4,4,4,9,3.56675467826087,66.95652173913044
1,10,-1,2,2,0,9,0.5225979652173912,51.13043478260869
1,10,-1,2,4,0,9,0.5692704521739131,53.130434782608695
1,10,-1,4,2,0,9,0.5981053565217392,52.17391304347826
1,10,-1,4,4,0,9,0.6542701043478262,55.130434782608695
1,10,0,2,2,0,9,0.7204616869565217,56.260869565217384
1,10,0,2,4,0,9,0.7722528000000003,59.39130434782609
1,10,0,4,2,0,9,0.8193940173913046,58.78260869565217
1,10,0,4,4,0,9,0.8841710086956526,62.8695652173913
1,10,3,2,2,2,9,1.1799351652173913,56.69565217391305
1,10,3,2,2,4,9,1.3415161043478259,57.391304347826086
1,10,3,2,4,2,9,1.2317172,59.30434782608695
1,10,3,2,4,4,9,1.3963348173913044,60.08695652173913
1,10,3,4,2,2,9,1.3327530260869564,58.608695652173914
1,10,3,4,2,4,9,1.5060161739130433,59.82608695652174
1,10,3,4,4,2,9,1.4080532347826087,62.26086956521739
1,10,3,4,4,4,9,1.5877301739130438,63.73913043478261
1,10,5,2,2,2,9,1.6171487478260869,58.434782608695656
1,10,5,2,2,4,9,1.8869879478260871,59.56521739130435
1,10,5,2,4,2,9,1.672627147826087,60.69565217391304
1,10,5,2,4,4,9,1.9468738434782609,61.91304347826087
1,10,5,4,2,2,9,1.8215160000000006,60.52173913043478
1,10,5,4,2,4,9,2.1107630086956517,62.26086956521739
1,10,5,4,4,2,9,1.9097451652173913,63.826086956521735
1,10,5,4,4,4,9,2.2090872,65.82608695652173
1,10,10,2,2,2,9,2.7134425565217395,59.913043478260875
1,10,10,2,2,4,9,3.243277095652174,60.52173913043478
1,10,10,2,4,2,9,2.7794865391304353,62.086956521739125
1,10,10,2,4,4,9,3.319762591304348,62.69565217391304
1,10,10,4,2,2,9,3.043814556521739,62.17391304347826
1,10,10,4,2,4,9,3.6126175304347825,63.73913043478261
1,10,10,4,4,2,9,3.1661900869565223,65.39130434782608
1,10,10,4,4,4,9,3.7568489739130437,67.04347826086956
3,-1,-1,2,0,0,9,0.10154039999999999,24.869565217391305
3,-1,-1,4,0,0,9,0.11208204347826088,25.82608695652174
3,-1,0,2,0,0,9,0.10154039999999999,24.869565217391305
3,-1,0,4,0,0,9,0.11208204347826088,25.82608695652174
3,-1,3,2,0,2,9,1.0131717913043479,56.608695652173914
3,-1,3,2,0,4,9,1.224460747826087,57.913043478260875
3,-1,3,4,0,2,9,1.0781149130434784,58.95652173913043
3,-1,3,4,0,4,9,1.300426391304348,60.95652173913043
3,-1,5,2,0,2,9,1.6234442608695652,58.95652173913043
3,-1,5,2,0,4,9,1.976464539130435,60.95652173913043
3,-1,5,4,0,2,9,1.722806095652174,61.39130434782609
3,-1,5,4,0,4,9,2.0943520782608696,64.17391304347827
3,-1,10,2,0,2,9,3.1394533043478265,60.434782608695656
3,-1,10,2,0,4,9,3.8328085043478266,62.0
3,-1,10,4,0,2,9,3.330205991304348,62.8695652173913
3,-1,10,4,0,4,9,4.06132675652174,65.39130434782608
3,0,-1,2,0,0,9,0.15024066086956522,33.565217391304344
3,0,-1,4,0,0,9,0.16329028695652173,34.869565217391305
3,1,0,2,2,0,9,0.3492179652173913,53.56521739130435
3,1,0,2,4,0,9,0.3658367826086957,56.52173913043479
3,1,0,4,2,0,9,0.3727927217391303,55.30434782608695
3,1,0,4,4,0,9,0.3963883739130435,59.652173913043484
3,1,3,2,2,2,9,0.7690981217391303,54.52173913043479
3,1,3,2,2,4,9,0.9141490608695653,54.78260869565217
3,1,3,2,4,2,9,0.8182261913043478,56.34782608695652
3,1,3,2,4,4,9,0.9714763130434785,57.391304347826086
3,1,3,4,2,2,9,0.8129052956521738,55.99999999999999
3,1,3,4,2,4,9,0.9645621826086956,56.52173913043479
3,1,3,4,4,2,9,0.8878279217391304,58.78260869565217
3,1,3,4,4,4,9,1.052191347826087,60.52173913043478
3,1,5,2,2,2,9,1.1758284173913045,56.52173913043479
3,1,5,2,2,4,9,1.4201667826086959,57.565217391304344
3,1,5,2,4,2,9,1.2554670086956525,58.34782608695652
3,1,5,2,4,4,9,1.5136103826086955,60.34782608695652
3,1,5,4,2,2,9,1.239200756521739,58.08695652173913
3,1,5,4,2,4,9,1.4946978173913041,59.39130434782609
3,1,5,4,4,2,9,1.3613031043478263,60.86956521739131
3,1,5,4,4,4,9,1.6381234869565218,63.65217391304348
3,1,10,2,2,2,9,2.1850117739130432,58.08695652173913
3,1,10,2,2,4,9,2.663991408695652,58.52173913043478
3,1,10,2,4,2,9,2.3383476869565216,59.913043478260875
3,1,10,2,4,4,9,2.8477606782608698,61.39130434782609
3,1,10,4,2,2,9,2.2997867391304347,59.652173913043484
3,1,10,4,2,4,9,2.8012275043478256,60.434782608695656
3,1,10,4,4,2,9,2.539364808695652,62.43478260869566
3,1,10,4,4,4,9,3.0864450173913047,64.8695652173913
3,3,-1,2,2,0,9,0.267982904347826,40.95652173913044
3,3,-1,2,4,0,9,0.2836871304347826,41.30434782608695
3,3,-1,4,2,0,9,0.2883968608695652,42.086956521739125
3,3,-1,4,4,0,9,0.30530477391304345,42.608695652173914
3,3,0,2,2,0,9,0.48644217391304345,55.565217391304344
3,3,0,2,4,0,9,0.5076236173913045,58.69565217391305
3,3,0,4,2,0,9,0.5152626,57.30434782608695
3,3,0,4,4,0,9,0.545943747826087,61.73913043478261
3,3,3,2,2,2,9,0.9858917739130434,55.130434782608695
3,3,3,2,2,4,9,1.1583802434782609,55.913043478260875
3,3,3,2,4,2,9,1.0227997913043478,57.391304347826086
3,3,3,2,4,4,9,1.2007170608695654,58.434782608695656
3,3,3,4,2,2,9,1.031270947826087,56.434782608695656
3,3,3,4,2,4,9,1.2085255043478262,57.478260869565226
3,3,3,4,4,2,9,1.0994831391304347,59.73913043478261
3,3,3,4,4,4,9,1.2882443913043478,61.478260869565226
3,3,5,2,2,2,9,1.468277269565217,57.478260869565226
3,3,5,2,2,4,9,1.7571021391304347,58.52173913043478
3,3,5,2,4,2,9,1.5192157391304348,59.47826086956521
3,3,5,2,4,4,9,1.817359443478261,61.13043478260869
3,3,5,4,2,2,9,1.5302726869565217,58.869565217391305
3,3,5,4,2,4,9,1.8270334695652175,60.34782608695652
3,3,5,4,4,2,9,1.632318043478261,61.91304347826087
3,3,5,4,4,4,9,1.9484624260869563,64.43478260869566
3,3,10,2,2,2,9,2.666081165217391,58.95652173913043
3,3,10,2,2,4,9,3.2317536521739134,59.56521739130435
3,3,10,2,4,2,9,2.7505335478260875,60.78260869565217
3,3,10,2,4,4,9,3.334712069565218,62.0
3,3,10,4,2,2,9,2.772184826086956,60.34782608695652
3,3,10,4,2,4,9,3.354013591304348,61.39130434782609
3,3,10,4,4,2,9,2.9581344956521733,63.21739130434783
3,3,10,4,4,4,9,3.5785277130434787,65.30434782608697
3,5,-1,2,2,0,9,0.3774722956521739,44.52173913043478
3,5,-1,2,4,0,9,0.40400382608695645,45.47826086956522
3,5,-1,4,2,0,9,0.40424630434782605,45.65217391304348
3,5,-1,4,4,0,9,0.43282799130434785,47.04347826086956
3,5,0,2,2,0,9,0.607998086956522,56.260869565217384
3,5,0,2,4,0,9,0.6339622260869568,58.52173913043479
3,5,0,4,2,0,9,0.6438836434782611,57.99999999999999
3,5,0,4,4,0,9,0.6790047043478264,61.478260869565226
3,5,3,2,2,2,9,1.1471983652173912,55.56521739130436
3,5,3,2,2,4,9,1.3293763652173913,56.260869565217384
3,5,3,2,4,2,9,1.1684478608695652,57.391304347826086
3,5,3,2,4,4,9,1.3520859478260872,58.34782608695652
3,5,3,4,2,2,9,1.203133260869565,56.869565217391305
3,5,3,4,2,4,9,1.39085807826087,57.826086956521735
3,5,3,4,4,2,9,1.2519201304347825,59.652173913043484
3,5,3,4,4,4,9,1.446418843478261,61.21739130434782
3,5,5,2,2,2,9,1.6605498086956523,57.826086956521735
3,5,5,2,2,4,9,1.9663782608695652,59.04347826086956
3,5,5,2,4,2,9,1.6812046782608696,59.30434782608695
3,5,5,2,4,4,9,1.988649060869565,60.86956521739131
3,5,5,4,2,2,9,1.7349816608695652,59.21739130434782
3,5,5,4,2,4,9,2.050259069565217,60.86956521739131
3,5,5,4,4,2,9,1.7996993652173914,61.65217391304347
3,5,5,4,4,4,9,2.125378947826087,64.0
3,5,10,2,2,2,9,2.939874973913043,59.30434782608695
3,5,10,2,2,4,9,3.540412521739131,60.17391304347826
3,5,10,2,4,2,9,2.9540404000000002,60.69565217391304
3,5,10,2,4,4,9,3.5565509565217397,61.91304347826087
3,5,10,4,2,2,9,3.06592127826087,60.695652173913054
3,5,10,4,2,4,9,3.6856457304347834,62.086956521739125
3,5,10,4,4,2,9,3.1672077304347828,63.043478260869556
3,5,10,4,4,4,9,3.806541226086957,65.13043478260869
3,10,-1,2,2,0,9,0.6520621391304348,48.78260869565217
3,10,-1,2,4,0,9,0.7080335826086958,50.52173913043478
3,10,-1,4,2,0,9,0.6952068782608696,49.91304347826087
3,10,-1,4,4,0,9,0.7551389130434784,52.78260869565218
3,10,0,2,2,0,9,0.8716546782608697,55.913043478260875
3,10,0,2,4,0,9,0.9305629391304352,58.69565217391305
3,10,0,4,2,0,9,0.9240758869565219,57.478260869565226
3,10,0,4,4,0,9,0.9931799913043482,61.56521739130435
3,10,3,2,2,2,9,1.3862331999999997,55.391304347826086
3,10,3,2,2,4,9,1.5611864173913044,56.34782608695652
3,10,3,2,4,2,9,1.4445937391304344,58.00000000000001
3,10,3,2,4,4,9,1.6237698608695654,58.95652173913043
3,10,3,4,2,2,9,1.458963991304348,56.608695652173914
3,10,3,4,2,4,9,1.6393233130434781,57.913043478260875
3,10,3,4,4,2,9,1.5433362173913043,60.34782608695652
3,10,3,4,4,4,9,1.7326255217391304,61.82608695652174
3,10,5,2,2,2,9,1.8771522608695652,57.565217391304344
3,10,5,2,2,4,9,2.170575269565217,58.869565217391305
3,10,5,2,4,2,9,1.9370349217391307,59.652173913043484
3,10,5,2,4,4,9,2.236018365217392,61.04347826086956
3,10,5,4,2,2,9,1.9686826173913048,58.78260869565217
3,10,5,4,2,4,9,2.271494060869565,60.608695652173914
3,10,5,4,4,2,9,2.069106721739131,62.0
3,10,5,4,4,4,9,2.385222356521739,64.08695652173913
3,10,10,2,2,2,9,3.0987290956521742,59.04347826086956
3,10,10,2,2,4,9,3.675421078260869,60.17391304347826
3,10,10,2,4,2,9,3.162966295652174,61.043478260869556
3,10,10,2,4,4,9,3.7502677391304355,62.0
3,10,10,4,2,2,9,3.241684773913044,60.34782608695652
3,10,10,4,2,4,9,3.837460773913044,62.086956521739125
3,10,10,4,4,2,9,3.3843923913043485,63.47826086956522
3,10,10,4,4,4,9,4.006286547826088,65.21739130434783
5,-1,-1,2,0,0,9,0.16896879999999997,27.82608695652174
5,-1,-1,4,0,0,9,0.18652886086956522,29.043478260869566
5,-1,0,2,0,0,9,0.16896879999999997,27.82608695652174
5,-1,0,4,0,0,9,0.18652886086956522,29.043478260869566
5,-1,3,2,0,2,9,1.1313385913043479,57.30434782608695
5,-1,3,2,0,4,9,1.3530418260869566,59.04347826086956
5,-1,3,4,0,2,9,1.1758308260869563,59.39130434782609
5,-1,3,4,0,4,9,1.4047906173913043,61.47826086956522
5,-1,5,2,0,2,9,1.7750523478260871,59.652173913043484
5,-1,5,2,0,4,9,2.144517895652174,62.0
5,-1,5,4,0,2,9,1.8354617999999998,61.73913043478261
5,-1,5,4,0,4,9,2.2171618173913044,64.52173913043478
5,-1,10,2,0,2,9,3.3734814086956524,61.21739130434782
5,-1,10,2,0,4,9,4.099804313043479,63.30434782608696
5,-1,10,4,0,2,9,3.478024826086957,63.21739130434783
5,-1,10,4,0,4,9,4.229990791304348,65.82608695652173
5,0,-1,2,0,0,9,0.21991659130434776,34.08695652173913
5,0,-1,4,0,0,9,0.23832854782608692,35.73913043478261
5,1,0,2,2,0,9,0.42311372173913026,53.82608695652175
5,1,0,2,4,0,9,0.4428867304347825,57.652173913043484
5,1,0,4,2,0,9,0.4480351391304347,55.826086956521735
5,1,0,4,4,0,9,0.47193376521739117,60.17391304347826
5,1,3,2,2,2,9,0.8503987130434781,54.78260869565217
5,1,3,2,2,4,9,0.9972365565217391,55.04347826086956
5,1,3,2,4,2,9,0.9108196347826086,56.95652173913044
5,1,3,2,4,4,9,1.0677434260869565,58.34782608695652
5,1,3,4,2,2,9,0.883697852173913,56.434782608695656
5,1,3,4,2,4,9,1.034312252173913,56.95652173913044
5,1,3,4,4,2,9,0.9596451739130435,59.21739130434782
5,1,3,4,4,4,9,1.1231159043478263,60.95652173913043
5,1,5,2,2,2,9,1.264234260869565,56.78260869565217
5,1,5,2,2,4,9,1.511686469565217,57.739130434782616
5,1,5,2,4,2,9,1.3627142782608694,58.95652173913043
5,1,5,2,4,4,9,1.6270490260869563,61.30434782608696
5,1,5,4,2,2,9,1.3070080782608695,58.434782608695656
5,1,5,4,2,4,9,1.5607772434782605,59.73913043478261
5,1,5,4,4,2,9,1.4308734869565218,61.21739130434782
5,1,5,4,4,4,9,1.706215626086956,64.0
5,1,10,2,2,2,9,2.2915771652173915,58.34782608695652
5,1,10,2,2,4,9,2.7768253391304345,58.78260869565217
5,1,10,2,4,2,9,2.4817400521739126,60.521739130434796
5,1,10,2,4,4,9,3.003776365217391,62.52173913043478
5,1,10,4,2,2,9,2.358512773913043,59.913043478260875
5,1,10,4,2,4,9,2.8565643217391306,60.78260869565217
5,1,10,4,4,2,9,2.6010038173913044,62.69565217391304
5,1,10,4,4,4,9,3.145324234782609,65.21739130434783
5,3,-1,2,2,0,9,0.34349119999999994,41.47826086956521
5,3,-1,2,4,0,9,0.36016285217391303,41.82608695652174
5,3,-1,4,2,0,9,0.36643981739130427,42.434782608695656
5,3,-1,4,4,0,9,0.38353809565217384,42.95652173913044
5,3,0,2,2,0,9,0.5660160173913044,56.434782608695656
5,3,0,2,4,0,9,0.5901454608695652,59.91304347826086
5,3,0,4,2,0,9,0.5926065304347825,57.478260869565226
5,3,0,4,4,0,9,0.624290547826087,62.17391304347826
5,3,3,2,2,2,9,1.0750537739130435,55.739130434782616
5,3,3,2,2,4,9,1.2506818086956522,56.608695652173914
5,3,3,2,4,2,9,1.1208242782608695,58.08695652173913
5,3,3,2,4,4,9,1.3037073565217392,59.56521739130435
5,3,3,4,2,2,9,1.1059655391304346,56.608695652173914
5,3,3,4,2,4,9,1.2829795217391304,57.652173913043484
5,3,3,4,4,2,9,1.1766921304347826,60.0
5,3,3,4,4,4,9,1.3662961478260869,61.73913043478261
5,3,5,2,2,2,9,1.5675327826086956,58.08695652173913
5,3,5,2,2,4,9,1.8618151999999997,59.30434782608695
5,3,5,2,4,2,9,1.6325265043478259,60.17391304347826
5,3,5,2,4,4,9,1.9389420173913043,62.26086956521739
5,3,5,4,2,2,9,1.602842965217391,58.95652173913043
5,3,5,4,2,4,9,1.899292060869565,60.434782608695656
5,3,5,4,4,2,9,1.7089974695652175,62.17391304347826
5,3,5,4,4,4,9,2.026573191304348,64.69565217391305
5,3,10,2,2,2,9,2.788521043478261,59.652173913043484
5,3,10,2,2,4,9,3.3650647478260876,60.52173913043478
5,3,10,2,4,2,9,2.8998562608695653,61.56521739130435
5,3,10,2,4,4,9,3.500676747826087,63.30434782608696
5,3,10,4,2,2,9,2.8357509826086957,60.434782608695656
5,3,10,4,2,4,9,3.4167853999999998,61.56521739130435
5,3,10,4,4,2,9,3.031028286956522,63.47826086956522
5,3,10,4,4,4,9,3.6542917478260875,65.65217391304347
5,5,-1,2,2,0,9,0.45854165217391296,45.04347826086956
5,5,-1,2,4,0,9,0.48669874782608696,46.08695652173913
5,5,-1,4,2,0,9,0.4847527043478261,45.913043478260875
5,5,-1,4,4,0,9,0.5136778173913045,47.391304347826086
5,5,0,2,2,0,9,0.6942571826086957,57.21739130434782
5,5,0,2,4,0,9,0.722862139130435,59.652173913043484
5,5,0,4,2,0,9,0.7235321478260871,58.17391304347825
5,5,0,4,4,0,9,0.7595443565217394,61.91304347826087
5,5,3,2,2,2,9,1.2471005739130434,56.00000000000001
5,5,3,2,2,4,9,1.433282086956522,56.869565217391305
5,5,3,2,4,2,9,1.2738308695652176,57.913043478260875
5,5,3,2,4,4,9,1.4623303652173916,59.21739130434782
5,5,3,4,2,2,9,1.279705747826087,56.95652173913043
5,5,3,4,2,4,9,1.4672338695652176,57.913043478260875
5,5,3,4,4,2,9,1.3302462,59.913043478260875
5,5,3,4,4,4,9,1.5249870000000003,61.478260869565226
5,5,5,2,2,2,9,1.7727772695652175,58.26086956521739
5,5,5,2,2,4,9,2.0853538956521738,59.73913043478261
5,5,5,2,4,2,9,1.8017423304347828,59.82608695652174
5,5,5,2,4,4,9,2.117195252173913,61.73913043478261
5,5,5,4,2,2,9,1.8090228260869567,59.21739130434782
5,5,5,4,2,4,9,2.1239007913043477,60.86956521739131
5,5,5,4,4,2,9,1.8766046869565218,61.91304347826087
5,5,5,4,4,4,9,2.2026156260869567,64.26086956521739
5,5,10,2,2,2,9,3.084526956521739,59.82608695652174
5,5,10,2,2,4,9,3.698506382608695,61.13043478260869
5,5,10,2,4,2,9,3.11387027826087,61.30434782608696
5,5,10,2,4,4,9,3.732643026086957,63.043478260869556
5,5,10,4,2,2,9,3.1305861130434782,60.69565217391304
5,5,10,4,2,4,9,3.749375504347826,62.17391304347826
5,5,10,4,4,2,9,3.2379761478260867,63.30434782608696
5,5,10,4,4,4,9,3.8780888608695654,65.47826086956522
5,10,-1,2,2,0,9,0.747696695652174,49.1304347826087
5,10,-1,2,4,0,9,0.8067707304347825,50.95652173913044
5,10,-1,4,2,0,9,0.7819489826086958,49.82608695652174
5,10,-1,4,4,0,9,0.842579852173913,52.78260869565218
5,10,0,2,2,0,9,0.9716180521739133,56.608695652173914
5,10,0,2,4,0,9,1.0358500521739133,59.652173913043484
5,10,0,4,2,0,9,1.0094396086956523,57.478260869565226
5,10,0,4,4,0,9,1.0812760782608697,62.0
5,10,3,2,2,2,9,1.4970042434782609,55.739130434782616
5,10,3,2,2,4,9,1.674496347826087,56.869565217391305
5,10,3,2,4,2,9,1.5655,58.34782608695652
5,10,3,2,4,4,9,1.7494437217391305,59.56521739130435
5,10,3,4,2,2,9,1.5396932608695653,56.608695652173914
5,10,3,4,2,4,9,1.718610652173913,57.91304347826086
5,10,3,4,4,2,9,1.6310358869565218,60.52173913043478
5,10,3,4,4,4,9,1.8215325999999998,62.0
5,10,5,2,2,2,9,1.9978337391304348,57.913043478260875
5,10,5,2,2,4,9,2.2958216000000005,59.478260869565226
5,10,5,2,4,2,9,2.0729263652173917,60.0
5,10,5,2,4,4,9,2.3800696521739133,61.73913043478261
5,10,5,4,2,2,9,2.045359956521739,58.69565217391305
5,10,5,4,2,4,9,2.3459003217391303,60.521739130434796
5,10,5,4,4,2,9,2.1569455913043476,62.17391304347826
5,10,5,4,4,4,9,2.475214286956522,64.26086956521739
5,10,10,2,2,2,9,3.244728330434783,59.39130434782609
5,10,10,2,2,4,9,3.8307800000000007,60.95652173913043
5,10,10,2,4,2,9,3.336736782608696,61.47826086956522
5,10,10,2,4,4,9,3.9406680869565225,62.95652173913043
5,10,10,4,2,2,9,3.304371,60.17391304347826
5,10,10,4,2,4,9,3.895859034782609,62.0
5,10,10,4,4,2,9,3.4697075043478267,63.65217391304348
5,10,10,4,4,4,9,4.096615886956522,65.47826086956522
10,-1,-1,2,0,0,9,0.3364132086956521,33.04347826086956
10,-1,-1,4,0,0,9,0.3722044695652174,34.34782608695652
10,-1,0,2,0,0,9,0.3364132086956521,33.04347826086956
10,-1,0,4,0,0,9,0.3722044695652174,34.34782608695652
10,-1,3,2,0,2,9,1.2872051913043474,57.565217391304344
10,-1,3,2,0,4,9,1.5063559217391305,59.13043478260869
10,-1,3,4,0,2,9,1.340140747826087,58.69565217391305
10,-1,3,4,0,4,9,1.565260434782609,60.608695652173914
10,-1,5,2,0,2,9,1.9223112434782608,59.652173913043484
10,-1,5,2,0,4,9,2.2875614521739127,62.0
10,-1,5,4,0,2,9,1.985833565217391,60.86956521739131
10,-1,5,4,0,4,9,2.361065321739131,63.47826086956522
10,-1,10,2,0,2,9,3.5029348086956524,61.13043478260869
10,-1,10,2,0,4,9,4.222234165217391,63.30434782608696
10,-1,10,4,0,2,9,3.593446800000001,62.34782608695652
10,-1,10,4,0,4,9,4.333724504347827,64.78260869565217
10,0,-1,2,0,0,9,0.387084269565217,33.65217391304348
10,0,-1,4,0,0,9,0.4233188869565215,35.391304347826086
10,1,0,2,2,0,9,0.5882904260869567,53.56521739130435
10,1,0,2,4,0,9,0.6085239391304348,57.652173913043484
10,1,0,4,2,0,9,0.6306087130434783,55.30434782608695
10,1,0,4,4,0,9,0.6535843999999998,59.652173913043484
10,1,3,2,2,2,9,1.0196122173913043,54.52173913043479
10,1,3,2,2,4,9,1.1666407043478262,54.95652173913044
10,1,3,2,4,2,9,1.0827511043478257,56.95652173913043
10,1,3,2,4,4,9,1.2404102347826085,58.34782608695652
10,1,3,4,2,2,9,1.0659415826086955,55.913043478260875
10,1,3,4,2,4,9,1.215489286956522,56.434782608695656
10,1,3,4,4,2,9,1.139307669565217,58.69565217391305
10,1,3,4,4,4,9,1.3012698956521733,60.26086956521739
10,1,5,2,2,2,9,1.4338305652173913,56.34782608695652
10,1,5,2,2,4,9,1.680989243478261,57.478260869565226
10,1,5,2,4,2,9,1.5363252260869564,58.78260869565217
10,1,5,2,4,4,9,1.8012848608695649,61.13043478260869
10,1,5,4,2,2,9,1.4878401391304348,57.739130434782616
10,1,5,4,2,4,9,1.7393321739130436,59.04347826086956
10,1,5,4,4,2,9,1.6072662956521737,60.52173913043478
10,1,5,4,4,4,9,1.8795747826086955,63.13043478260869
10,1,10,2,2,2,9,2.463193382608696,57.913043478260875
10,1,10,2,2,4,9,2.948603452173913,58.608695652173914
10,1,10,2,4,2,9,2.661444026086956,60.34782608695652
10,1,10,2,4,4,9,3.1854457826086953,62.43478260869566
10,1,10,4,2,2,9,2.5343003478260875,59.30434782608695
10,1,10,4,2,4,9,3.028534486956522,60.17391304347826
10,1,10,4,4,2,9,2.7678024173913043,62.086956521739125
10,1,10,4,4,4,9,3.3067802782608693,64.43478260869566
10,3,-1,2,2,0,9,0.5102937478260868,41.56521739130435
10,3,-1,2,4,0,9,0.5269929826086955,42.00000000000001
10,3,-1,4,2,0,9,0.5490101217391304,42.434782608695656
10,3,-1,4,4,0,9,0.5657893913043478,43.04347826086956
10,3,0,2,2,0,9,0.7303432260869565,56.434782608695656
10,3,0,2,4,0,9,0.7536438695652175,59.82608695652174
10,3,0,4,2,0,9,0.7731856695652174,57.130434782608695
10,3,0,4,4,0,9,0.8027743652173915,61.56521739130435
10,3,3,2,2,2,9,1.2422239913043478,55.913043478260875
10,3,3,2,2,4,9,1.4183664608695654,56.78260869565217
10,3,3,2,4,2,9,1.286993208695652,58.17391304347825
10,3,3,2,4,4,9,1.470133504347826,59.56521739130435
10,3,3,4,2,2,9,1.285338782608696,56.34782608695652
10,3,3,4,2,4,9,1.461806556521739,57.391304347826086
10,3,3,4,4,2,9,1.3516808173913042,59.478260869565226
10,3,3,4,4,4,9,1.5398671130434785,61.13043478260869
10,3,5,2,2,2,9,1.7331370000000001,58.08695652173913
10,3,5,2,2,4,9,2.028175939130435,59.39130434782609
10,3,5,2,4,2,9,1.7960445826086957,60.08695652173912
10,3,5,2,4,4,9,2.1027430347826086,62.17391304347826
10,3,5,4,2,2,9,1.7801902434782608,58.608695652173914
10,3,5,4,2,4,9,2.0758374260869568,60.08695652173912
10,3,5,4,4,2,9,1.8788569391304348,61.56521739130435
10,3,5,4,4,4,9,2.1940738260869566,64.0
10,3,10,2,2,2,9,2.9535215565217396,59.56521739130435
10,3,10,2,2,4,9,3.5317719739130435,60.608695652173914
10,3,10,2,4,2,9,3.0598928260869562,61.39130434782609
10,3,10,2,4,4,9,3.6614637826086955,63.21739130434783
10,3,10,4,2,2,9,3.0082035652173915,60.08695652173912
10,3,10,4,2,4,9,3.5880759652173912,61.21739130434782
10,3,10,4,4,2,9,3.1876652695652172,62.8695652173913
10,3,10,4,4,4,9,3.8066074782608696,64.95652173913044
10,5,-1,2,2,0,9,0.6240961999999999,44.95652173913044
10,5,-1,2,4,0,9,0.6523172782608696,46.173913043478265
10,5,-1,4,2,0,9,0.6649965739130435,45.73913043478261
10,5,-1,4,4,0,9,0.6934048521739132,47.21739130434782
10,5,0,2,2,0,9,0.8595257652173913,57.04347826086956
10,5,0,2,4,0,9,0.8867603391304351,59.652173913043484
10,5,0,4,2,0,9,0.9025186782608697,57.652173913043484
10,5,0,4,4,0,9,0.9376539478260872,61.39130434782609
10,5,3,2,2,2,9,1.418436460869565,56.086956521739125
10,5,3,2,2,4,9,1.6059933304347824,56.95652173913044
10,5,3,2,4,2,9,1.4449266173913042,58.08695652173913
10,5,3,2,4,4,9,1.6350753304347827,59.39130434782609
10,5,3,4,2,2,9,1.4608105391304345,56.52173913043479
10,5,3,4,2,4,9,1.648500556521739,57.478260869565226
10,5,3,4,4,2,9,1.5102955130434783,59.478260869565226
10,5,3,4,4,4,9,1.7052345217391305,60.95652173913043
10,5,5,2,2,2,9,1.946090704347826,58.17391304347825
10,5,5,2,2,4,9,2.2607114521739127,59.73913043478261
10,5,5,2,4,2,9,1.9739017478260872,59.82608695652174
10,5,5,2,4,4,9,2.2918950695652174,61.82608695652174
10,5,5,4,2,2,9,1.9904589739130438,58.69565217391305
10,5,5,4,2,4,9,2.3055336347826088,60.34782608695652
10,5,5,4,4,2,9,2.0561864695652177,61.39130434782609
10,5,5,4,4,4,9,2.3824516,63.652173913043484
10,5,10,2,2,2,9,3.2657067043478265,59.652173913043484
10,5,10,2,2,4,9,3.883863643478261,61.13043478260869
10,5,10,2,4,2,9,3.292703730434783,61.21739130434782
10,5,10,2,4,4,9,3.916605695652174,63.13043478260869
10,5,10,4,2,2,9,3.313536817391305,60.17391304347826
10,5,10,4,2,4,9,3.9329465565217396,61.652173913043484
10,5,10,4,4,2,9,3.4176305565217393,62.78260869565217
10,5,10,4,4,4,9,4.058474069565218,64.8695652173913
10,10,-1,2,2,0,9,0.910753660869565,48.86956521739131
10,10,-1,2,4,0,9,0.9699192608695653,51.304347826086946
10,10,-1,4,2,0,9,0.956869408695652,49.73913043478261
10,10,-1,4,4,0,9,1.0164222956521738,52.69565217391305
10,10,0,2,2,0,9,1.1336098347826087,56.608695652173914
10,10,0,2,4,0,9,1.1969181478260873,59.82608695652174
10,10,0,4,2,0,9,1.1833780695652174,57.30434782608695
10,10,0,4,4,0,9,1.2530925565217395,61.47826086956522
10,10,3,2,2,2,9,1.6658985304347826,55.739130434782616
10,10,3,2,2,4,9,1.8448643391304347,56.869565217391305
10,10,3,2,4,2,9,1.7316156086956522,58.608695652173914
10,10,3,2,4,4,9,1.916373347826087,59.91304347826086
10,10,3,4,2,2,9,1.7154836869565218,56.260869565217384
10,10,3,4,2,4,9,1.8948292695652176,57.56521739130436
10,10,3,4,4,2,9,1.8034227826086957,60.08695652173912
10,10,3,4,4,4,9,1.9946200347826086,61.478260869565226
10,10,5,2,2,2,9,2.168617817391304,57.739130434782616
10,10,5,2,2,4,9,2.468843469565217,59.478260869565226
10,10,5,2,4,2,9,2.2392250521739134,60.17391304347826
10,10,5,2,4,4,9,2.5475197652173915,62.0
10,10,5,4,2,2,9,2.221321356521739,58.34782608695652
10,10,5,4,2,4,9,2.522433652173913,60.17391304347826
10,10,5,4,4,2,9,2.3279435130434782,61.73913043478261
10,10,5,4,4,4,9,2.647139704347826,63.73913043478261
10,10,10,2,2,2,9,3.422911191304348,59.21739130434782
10,10,10,2,2,4,9,4.013465678260869,60.95652173913043
10,10,10,2,4,2,9,3.5055274521739137,61.56521739130435
10,10,10,2,4,4,9,4.1118796260869575,63.21739130434783
10,10,10,4,2,2,9,3.4824718434782613,59.82608695652174
10,10,10,4,2,4,9,4.07535187826087,61.652173913043484
10,10,10,4,4,2,9,3.6387884000000006,63.13043478260869
10,10,10,4,4,4,9,4.2675759826086965,64.8695652173913
